a = [8, 3, 1, 6, 4, 7, 2, 5]
b = [3, 7, 1, 5, 8, 6, 2, 4]
c = [7, 6, 3, 5, 1, 4, 2, 8]
d = [3, 2, 4, 5, 6, 8, 7, 1]
e = [1, 5, 3, 7, 6, 4, 8, 2]
f = [3, 1, 8, 5, 2, 7, 4, 6]
g = [8, 2, 1, 4, 7, 3, 5, 6]
h = [8, 1, 6, 7, 4, 3, 5, 2]
i = [4, 5, 6, 7, 2, 1, 8, 3]
j = [6, 5, 8, 3, 7, 4, 2, 1]
k = [8, 2, 4, 5, 6, 7, 3, 1]
l = [8, 6, 7, 1, 3, 2, 5, 4]
m = [4, 1, 3, 7, 6, 5, 8, 2]
n = [1, 8, 3, 2, 4, 7, 5, 6]
o = [6, 7, 4, 8, 5, 1, 3, 2]
p = [4, 7, 3, 6, 8, 5, 2, 1]
q = [7, 1, 2, 3, 4, 5, 6, 8]
r = [4, 3, 8, 2, 5, 6, 7, 1]
s = [8, 4, 1, 3, 2, 7, 6, 5]
t = [2, 8, 1, 7, 4, 3, 5, 6]
w = [3, 5, 6, 7, 4, 8, 2, 1]
x = [5, 6, 1, 3, 2, 8, 4, 7]
y = [8, 4, 2, 3, 5, 6, 7, 1]
z = [3, 7, 2, 8, 5, 4, 6, 1]
A = [5, 1, 7, 3, 8, 4, 6, 2]
B = [6, 5, 4, 2, 7, 3, 1, 8]
C = [7, 2, 3, 8, 4, 6, 5, 1]
D = [2, 3, 7, 1, 6, 4, 5, 8]
E = [7, 6, 5, 3, 2, 4, 1, 8]
F = [8, 1, 2, 5, 4, 6, 3, 7]
G = [2, 5, 7, 6, 1, 8, 4, 3]
H = [8, 3, 2, 5, 4, 6, 7, 1]
I = [6, 2, 8, 7, 1, 3, 4, 5]
J = [2, 1, 7, 8, 4, 5, 3, 6]
K = [7, 8, 4, 3, 5, 1, 6, 2]
L = [8, 2, 4, 3, 5, 6, 7, 1]
M = [1, 2, 8, 7, 5, 6, 3, 4]
N = [1, 6, 5, 8, 3, 4, 2, 7]
O = [2, 5, 3, 8, 1, 7, 6, 4]
P = [3, 1, 7, 2, 4, 5, 8, 6]
Q = [7, 1, 5, 8, 6, 2, 3, 4]
R = [8, 6, 3, 5, 2, 4, 7, 1]
S = [7, 3, 2, 4, 5, 1, 8, 6]
T = [4, 6, 7, 2, 5, 8, 3, 1]
W = [1, 8, 5, 3, 6, 7, 2, 4]
X = [4, 6, 1, 2, 7, 8, 3, 5]
Y = [1, 2, 4, 8, 5, 7, 6, 3]
Z = [1, 4, 7, 3, 8, 5, 2, 6]
1 = [2, 5, 7, 4, 6, 1, 8, 3]
2 = [7, 5, 8, 3, 6, 2, 4, 1]
3 = [3, 4, 2, 5, 8, 6, 7, 1]
4 = [3, 6, 1, 5, 4, 8, 2, 7]
5 = [4, 8, 5, 2, 3, 7, 1, 6]
6 = [1, 4, 6, 8, 7, 3, 5, 2]
7 = [2, 5, 3, 6, 1, 4, 7, 8]
8 = [1, 7, 4, 6, 3, 5, 2, 8]
9 = [6, 2, 8, 5, 1, 7, 4, 3]
0 = [3, 2, 7, 5, 1, 4, 6, 8]
+ = [3, 8, 7, 6, 4, 5, 2, 1]
- = [6, 7, 5, 2, 8, 3, 1, 4]
* = [3, 1, 2, 7, 5, 8, 4, 6]
/ = [2, 1, 8, 7, 6, 4, 3, 5]
. = [8, 6, 7, 2, 5, 1, 4, 3]
, = [2, 3, 8, 4, 6, 1, 7, 5]
\ = [3, 5, 6, 1, 2, 7, 8, 4]
< = [1, 4, 6, 5, 2, 7, 3, 8]
> = [4, 5, 3, 1, 6, 2, 7, 8]
? = [4, 3, 2, 5, 7, 1, 8, 6]
; = [4, 5, 6, 8, 2, 1, 3, 7]
' = [2, 1, 8, 5, 3, 7, 6, 4]
: = [1, 7, 4, 8, 5, 2, 6, 3]
" = [1, 6, 7, 3, 8, 4, 2, 5]
[ = [3, 2, 8, 5, 1, 6, 7, 4]
] = [6, 1, 8, 4, 2, 7, 3, 5]
{ = [4, 2, 1, 7, 6, 8, 3, 5]
} = [5, 7, 8, 1, 3, 2, 4, 6]
| = [7, 6, 4, 2, 3, 1, 8, 5]
_ = [1, 3, 4, 7, 8, 6, 5, 2]
= = [4, 2, 7, 8, 3, 6, 5, 1]
` = [2, 7, 8, 4, 6, 3, 1, 5]
~ = [7, 3, 2, 8, 1, 4, 5, 6]
! = [6, 7, 8, 4, 3, 5, 2, 1]
@ = [3, 2, 5, 7, 1, 4, 8, 6]
# = [8, 4, 1, 2, 5, 6, 7, 3]
$ = [6, 1, 3, 5, 7, 2, 8, 4]
% = [6, 1, 5, 7, 2, 4, 8, 3]
^ = [7, 8, 3, 6, 2, 5, 4, 1]
& = [5, 8, 3, 4, 6, 1, 2, 7]
( = [5, 6, 1, 4, 8, 7, 3, 2]
) = [1, 4, 6, 5, 2, 8, 3, 7]
  = [2, 6, 7, 8, 3, 4, 5, 1]
